{
 "cells": [
  {
   "cell_type": "code",
   "execution_count": 1,
   "id": "95e8bf92-636e-4920-a325-12ac055af588",
   "metadata": {},
   "outputs": [],
   "source": [
    "import numpy as np"
   ]
  },
  {
   "cell_type": "code",
   "execution_count": 2,
   "id": "8fd60964-5922-4210-901e-f720ad5f5e44",
   "metadata": {},
   "outputs": [
    {
     "name": "stdout",
     "output_type": "stream",
     "text": [
      "[[5.  2.  4.5]\n",
      " [1.  4.  1. ]\n",
      " [4.  1.  4. ]\n",
      " [2.  2.  1.5]]\n"
     ]
    }
   ],
   "source": [
    "ratings=np.array([[5,2,4.5],[1,4,1],[4,1,4],[2,2,1.5]])\n",
    "print(ratings)"
   ]
  },
  {
   "cell_type": "code",
   "execution_count": 3,
   "id": "20828a53-6c90-4214-9075-d6d11cbd505a",
   "metadata": {},
   "outputs": [],
   "source": [
    "u,s,vt=np.linalg.svd(ratings)"
   ]
  },
  {
   "cell_type": "code",
   "execution_count": 4,
   "id": "4778808a-d5c3-429c-9f30-b32855a89d8f",
   "metadata": {},
   "outputs": [
    {
     "name": "stdout",
     "output_type": "stream",
     "text": [
      "(4, 4)\n",
      "[[-0.70691924 -0.1948368   0.2986126  -0.61084722]\n",
      " [-0.28594129  0.88348348 -0.35038429 -0.12216944]\n",
      " [-0.5679376  -0.34133294 -0.56756738  0.48867778]\n",
      " [-0.30975741  0.25492624  0.68258965  0.61084722]]\n",
      "\n",
      "(3,)\n",
      "[9.87708006 3.58089108 0.34714345]\n",
      "\n",
      "(3, 3)\n",
      "[[-0.67953309 -0.37916631 -0.62806663]\n",
      " [-0.26423027  0.92512723 -0.27262056]\n",
      " [ 0.68441007 -0.01930048 -0.72884178]]\n"
     ]
    }
   ],
   "source": [
    "print(u.shape)\n",
    "print(u)\n",
    "print()\n",
    "print(s.shape)\n",
    "print(s)\n",
    "print()\n",
    "print(vt.shape)\n",
    "print(vt)"
   ]
  },
  {
   "cell_type": "code",
   "execution_count": 5,
   "id": "d1495831-d18a-4a55-9801-6ae3d45c07f2",
   "metadata": {},
   "outputs": [
    {
     "name": "stdout",
     "output_type": "stream",
     "text": [
      "[[9.87708006 0.         0.        ]\n",
      " [0.         3.58089108 0.        ]\n",
      " [0.         0.         0.34714345]\n",
      " [0.         0.         0.        ]]\n"
     ]
    }
   ],
   "source": [
    "Sigma=np.zeros((4,3))\n",
    "Sigma[:3,:3]=np.diag(s)\n",
    "print(Sigma)"
   ]
  },
  {
   "cell_type": "code",
   "execution_count": 6,
   "id": "b204c00c-4483-4084-9513-134e758aa9d2",
   "metadata": {},
   "outputs": [
    {
     "name": "stdout",
     "output_type": "stream",
     "text": [
      "[[5.  2.  4.5]\n",
      " [1.  4.  1. ]\n",
      " [4.  1.  4. ]\n",
      " [2.  2.  1.5]]\n"
     ]
    }
   ],
   "source": [
    "print(u@Sigma@vt)"
   ]
  },
  {
   "cell_type": "code",
   "execution_count": 7,
   "id": "ce0940ce-d462-4a9d-ade5-5cfd0402a7d9",
   "metadata": {},
   "outputs": [
    {
     "name": "stdout",
     "output_type": "stream",
     "text": [
      "[[9.87708006 0.         0.        ]\n",
      " [0.         3.58089108 0.        ]\n",
      " [0.         0.         0.        ]\n",
      " [0.         0.         0.        ]]\n"
     ]
    }
   ],
   "source": [
    "s[-1]=0\n",
    "Sigma=np.zeros((4,3))\n",
    "Sigma[:3,:3]=np.diag(s)\n",
    "print(Sigma)"
   ]
  },
  {
   "cell_type": "code",
   "execution_count": 8,
   "id": "9d13a55e-79f6-42a2-a6db-0dc29742be9b",
   "metadata": {},
   "outputs": [
    {
     "name": "stdout",
     "output_type": "stream",
     "text": [
      "[[4.92905309 2.00200071 4.57555277]\n",
      " [1.08324727 3.99765241 0.91134834]\n",
      " [4.13484747 0.99619728 3.85639827]\n",
      " [1.83782457 2.00457337 1.67270382]]\n"
     ]
    }
   ],
   "source": [
    "print(u@Sigma@vt)"
   ]
  },
  {
   "cell_type": "code",
   "execution_count": null,
   "id": "f27788d6-5603-41e3-a37a-5a2ab39c7289",
   "metadata": {},
   "outputs": [],
   "source": []
  }
 ],
 "metadata": {
  "kernelspec": {
   "display_name": "Python 3 (ipykernel)",
   "language": "python",
   "name": "python3"
  },
  "language_info": {
   "codemirror_mode": {
    "name": "ipython",
    "version": 3
   },
   "file_extension": ".py",
   "mimetype": "text/x-python",
   "name": "python",
   "nbconvert_exporter": "python",
   "pygments_lexer": "ipython3",
   "version": "3.9.13"
  }
 },
 "nbformat": 4,
 "nbformat_minor": 5
}
